47.659 3.687 31214.474 127.862 98547.309
47.116 3.092 27918.286 113.127 158304.814
41.238 1.955 21817.902 95.810 81695.186
47.953 3.346 32078.097 135.517 132140.816
44.619 2.779 29811.305 130.851 136249.226
43.387 3.667 28676.592 141.911 144893.894
44.341 3.150 26327.338 131.633 95106.106
42.999 2.598 20646.259 114.727 120752.207
49.450 4.405 29853.918 146.366 116212.289
50.004 3.483 32545.488 127.813 134103.007
44.047 2.859 27863.217 114.226 123787.711
49.001 4.039 31155.399 159.047 149607.365
52.161 4.739 37991.991 163.070 109686.584
45.141 3.796 25212.009 152.268 117738.096
48.268 2.870 34362.786 105.591 107859.184
42.550 2.652 22879.414 120.349 103750.774
41.996 2.617 20624.428 115.175 141452.691
46.859 3.725 27870.961 149.346 128586.728
46.364 3.778 29894.510 152.007 126935.768
50.762 4.530 34441.586 166.935 105896.993
45.391 3.071 27346.521 125.452 138655.801
39.839 2.400 22470.302 105.054 130313.416
47.381 3.671 30674.993 136.781 119247.793
48.613 3.551 32272.602 143.950 125341.281
46.609 2.758 31209.927 103.357 122261.904
45.879 3.228 27475.085 135.826 90392.635
46.121 3.872 29711.818 152.690 113064.232
44.884 2.906 27804.285 131.933 101344.199
45.636 3.250 27299.673 119.843 111413.272
43.732 2.526 25548.833 107.778 114658.719
