   3.4720000e+02	
   3.2600000e+02	
   2.7040000e+02	
   3.5420000e+02	
   3.3940000e+02	
   3.5460000e+02	
   3.3440000e+02	
   3.1400000e+02	
   3.6260000e+02	
   3.4240000e+02	
   3.1340000e+02	
   3.9020000e+02	
   3.9600000e+02	
   3.5540000e+02	
   3.1720000e+02	
   3.2020000e+02	
   3.1060000e+02	
   3.6680000e+02	
   3.7340000e+02	
   4.0160000e+02	
   3.3260000e+02	
   2.8900000e+02	
   3.5900000e+02	
   3.6140000e+02	
   3.0740000e+02	
   3.4060000e+02	
   3.7480000e+02	
   3.3520000e+02	
   3.3320000e+02	
   3.0440000e+02	
