47.353 4.101 36107.044 169.349 133768.505
45.360 2.782 34298.221 124.877 110957.123
45.168 2.690 31097.816 109.167 184688.950
43.425 2.577 26633.561 114.986 156453.508
44.793 3.150 31005.762 139.650 165028.140
49.436 4.161 39281.805 172.086 121042.569
39.964 1.962 24185.069 100.903 144418.996
47.778 3.790 38911.331 143.252 142638.888
44.607 3.334 32328.785 143.002 105458.074
45.975 3.030 31971.053 112.469 127967.681
46.201 3.175 31422.715 130.276 114971.860
45.558 2.615 33700.746 112.475 152032.319
43.638 2.312 28654.542 118.455 118234.899
45.762 3.231 36057.296 136.929 174541.926
46.444 3.586 38529.141 140.316 158957.431
42.393 3.000 25069.466 139.716 125835.715
41.039 2.296 26427.873 106.096 137361.112
48.361 3.022 41727.506 135.276 148091.730
46.709 3.717 35860.144 163.046 161765.101
43.842 3.092 31967.536 140.536 140877.575
44.420 2.635 35883.421 109.632 139122.425
42.956 2.601 28277.461 114.969 123546.492
44.980 3.782 32689.785 149.820 135581.004
42.691 2.691 28045.991 124.425 150017.849
44.040 3.271 26010.633 148.616 169042.877
42.047 2.192 25706.533 113.647 154164.285
44.232 2.803 31455.813 121.783 95311.050
41.622 2.358 25519.796 111.254 146231.495
47.007 3.276 35609.885 122.264 131908.270
43.199 2.765 31813.160 130.728 129982.151
