   6.7480000e+02	
   5.7160000e+02	
   5.1740000e+02	
   4.9900000e+02	
   6.0160000e+02	
   6.7920000e+02	
   4.6840000e+02	
   6.2800000e+02	
   6.0840000e+02	
   5.4260000e+02	
   5.5940000e+02	
   5.4760000e+02	
   5.2320000e+02	
   6.2840000e+02	
   6.3680000e+02	
   5.8360000e+02	
   4.9140000e+02	
   6.2340000e+02	
   6.6020000e+02	
   5.9760000e+02	
   5.4520000e+02	
   5.2900000e+02	
   6.3360000e+02	
   5.4920000e+02	
   5.7140000e+02	
   5.0600000e+02	
   5.5160000e+02	
   4.9640000e+02	
   5.8340000e+02	
   5.7660000e+02	
