53.979 4.302 36800.222 129.936 98547.309
53.363 3.608 32914.189 114.962 158304.814
46.707 2.281 25722.159 97.365 81695.186
54.312 3.904 37818.388 137.716 132140.816
50.536 3.243 35145.960 132.974 136249.226
49.140 4.278 33808.193 144.213 144893.894
50.221 3.674 31038.546 133.769 95106.106
48.702 3.031 24340.853 116.588 120752.207
56.008 5.139 35196.198 148.740 116212.289
56.635 4.064 38369.418 129.887 134103.007
49.888 3.336 32849.267 116.080 123787.711
55.498 4.712 36730.576 161.628 149607.365
59.078 5.528 44790.557 165.715 109686.584
51.127 4.429 29723.632 154.738 117738.096
54.669 3.348 40511.916 107.305 107859.184
48.192 3.094 26973.625 122.301 103750.774
47.565 3.054 24315.115 117.044 141452.691
53.073 4.346 32858.396 151.769 128586.728
52.512 4.408 35244.054 154.474 126935.768
57.493 5.285 40604.817 169.644 105896.993
51.410 3.582 32240.108 127.487 138655.801
45.122 2.800 26491.304 106.758 130313.416
53.664 4.282 36164.202 139.000 119247.793
55.060 4.142 38047.699 146.286 125341.281
52.790 3.218 36794.861 105.034 122261.904
51.963 3.766 32391.679 138.030 90392.635
52.237 4.517 35028.670 155.168 113064.232
50.837 3.391 32779.789 134.073 101344.199
51.688 3.792 32184.878 121.788 111413.272
49.531 2.947 30120.730 109.527 114658.719
