   4.7160000e+02	
   4.2600000e+02	
   3.7160000e+02	
   4.8740000e+02	
   4.7380000e+02	
   4.8040000e+02	
   4.5400000e+02	
   4.0220000e+02	
   5.0680000e+02	
   4.7500000e+02	
   4.2920000e+02	
   5.1760000e+02	
   5.6080000e+02	
   4.8220000e+02	
   4.4400000e+02	
   4.1400000e+02	
   3.9980000e+02	
   4.9460000e+02	
   4.9980000e+02	
   5.4980000e+02	
   4.4000000e+02	
   3.9160000e+02	
   4.8300000e+02	
   4.9460000e+02	
   4.1760000e+02	
   4.6020000e+02	
   5.0120000e+02	
   4.5540000e+02	
   4.3780000e+02	
   4.0320000e+02	
