46.726 3.352 29681.131 127.408 114971.860
46.194 2.811 26546.861 112.725 184688.950
40.431 1.777 20746.146 95.470 95311.050
47.014 3.042 30502.331 135.036 154164.285
43.746 2.527 28346.890 130.386 158957.431
42.538 3.334 27267.917 141.407 169042.877
43.474 2.863 25034.065 131.166 110957.123
42.158 2.362 19632.057 114.320 140877.575
48.483 4.004 28387.410 145.846 135581.004
49.026 3.167 30946.763 127.360 156453.508
43.186 2.599 26494.498 113.821 144418.996
48.042 3.671 29624.959 158.482 174541.926
51.140 4.308 36125.717 162.491 127967.681
44.258 3.451 23973.525 151.727 137361.112
47.324 2.609 32674.789 105.216 125835.715
41.717 2.411 21755.513 119.921 121042.569
41.174 2.379 19611.298 114.766 165028.140
45.942 3.387 26501.861 148.816 150017.849
45.457 3.435 28426.008 151.468 148091.730
49.769 4.118 32749.718 166.342 123546.492
44.503 2.791 26003.183 125.007 161765.101
39.060 2.182 21366.498 104.681 152032.319
46.454 3.337 29168.151 136.295 139122.425
47.662 3.228 30687.281 143.439 146231.495
45.697 2.507 29676.808 102.990 142638.888
44.981 2.934 26125.432 135.344 105458.074
45.219 3.520 28252.290 152.148 131908.270
44.006 2.642 26438.461 131.464 118234.899
44.743 2.955 25958.637 119.418 129982.151
42.876 2.297 24293.803 107.396 133768.505
