   3.7640000e+02	
   3.4720000e+02	
   3.0260000e+02	
   4.0240000e+02	
   3.7400000e+02	
   3.9940000e+02	
   3.7940000e+02	
   3.5300000e+02	
   4.0580000e+02	
   3.7740000e+02	
   3.4520000e+02	
   4.3500000e+02	
   4.2960000e+02	
   3.9140000e+02	
   3.4880000e+02	
   3.6060000e+02	
   3.5000000e+02	
   4.0080000e+02	
   3.8940000e+02	
   4.2780000e+02	
   3.5500000e+02	
   3.2940000e+02	
   3.8640000e+02	
   3.9540000e+02	
   3.3060000e+02	
   3.8320000e+02	
   4.1780000e+02	
   3.7940000e+02	
   3.5380000e+02	
   3.3560000e+02	
