44.516 2.397 19337.401 115.067 136249.226
54.320 4.505 38175.852 153.508 116212.289
48.047 2.657 32038.842 108.450 95106.106
48.480 3.933 30670.615 133.491 107859.184
52.360 3.721 32694.844 126.636 98547.309
48.865 2.603 29600.402 82.808 109686.584
54.753 4.432 38279.574 139.396 117738.096
55.255 4.168 43646.229 124.983 123787.711
52.943 4.323 32992.154 134.927 119247.793
47.545 2.633 30897.356 95.274 144893.894
53.254 4.623 37633.844 146.788 120752.207
50.440 3.888 31626.381 124.264 149607.365
56.721 3.880 39299.507 123.131 126935.768
51.265 4.137 33108.405 139.025 158304.814
55.874 4.526 40066.080 145.830 103750.774
49.546 3.554 27890.822 132.818 134103.007
51.535 3.895 34718.715 134.270 111413.272
53.935 4.815 35388.830 141.409 125341.281
46.079 2.568 25914.441 92.790 132140.816
49.857 4.542 31454.263 150.328 81695.186
49.218 3.336 28793.458 119.552 105896.993
50.719 4.272 31316.027 148.392 101344.199
58.284 5.146 44337.039 151.579 128586.728
53.582 4.532 35195.985 154.993 141452.691
46.926 3.358 29394.859 129.628 113064.232
50.154 3.749 35292.431 144.245 138655.801
51.807 3.287 36259.913 112.933 130313.416
50.993 3.409 32226.749 114.603 90392.635
52.646 4.851 35798.988 148.805 122261.904
52.081 3.759 30949.992 130.076 114658.719
