   4.4500000e+02	
   6.1440000e+02	
   4.8940000e+02	
   5.4080000e+02	
   5.3620000e+02	
   4.2800000e+02	
   5.8260000e+02	
   5.6380000e+02	
   5.5760000e+02	
   4.6140000e+02	
   5.9040000e+02	
   5.2500000e+02	
   5.5580000e+02	
   5.5320000e+02	
   6.0680000e+02	
   5.2280000e+02	
   5.5860000e+02	
   5.6360000e+02	
   4.3420000e+02	
   5.7560000e+02	
   4.9940000e+02	
   5.7540000e+02	
   6.2760000e+02	
   6.0440000e+02	
   5.2680000e+02	
   5.8500000e+02	
   5.1840000e+02	
   5.0900000e+02	
   5.8340000e+02	
   5.3760000e+02	
