47.828 3.345 35449.279 142.510 114971.860
47.491 2.907 31705.904 126.087 184688.950
43.849 2.070 24777.894 106.787 95311.050
48.010 3.094 36430.069 151.043 154164.285
45.944 2.677 33855.746 145.842 158957.431
45.180 3.330 32567.088 158.169 169042.877
45.772 2.949 29899.116 146.714 110957.123
44.940 2.543 23447.296 127.871 140877.575
48.938 3.874 33904.140 163.134 135581.004
49.281 3.195 36960.870 142.456 156453.508
45.590 2.735 31643.365 127.313 144418.996
48.660 3.604 35382.190 177.268 174541.926
50.618 4.119 43146.289 181.752 127967.681
46.268 3.425 28632.472 169.712 137361.112
48.206 2.743 39024.717 117.688 125835.715
44.662 2.583 25983.419 134.136 121042.569
44.319 2.557 23422.503 128.370 165028.140
47.332 3.373 31652.159 166.456 150017.849
47.025 3.412 33950.239 169.422 148091.730
49.751 3.966 39114.207 186.060 123546.492
46.422 2.891 31056.569 139.824 161765.101
42.982 2.398 25518.804 117.089 152032.319
47.656 3.333 34836.608 152.451 139122.425
48.420 3.244 36650.962 160.442 146231.495
47.178 2.661 35444.116 115.198 142638.888
46.725 3.007 31202.575 151.387 105458.074
46.875 3.481 33742.761 170.183 131908.270
46.109 2.770 31576.437 147.047 118234.899
46.575 3.023 31003.365 133.573 129982.151
45.394 2.490 29014.993 120.126 133768.505
