   4.7020000e+02	
   4.2800000e+02	
   3.6000000e+02	
   4.8680000e+02	
   4.4480000e+02	
   4.7760000e+02	
   4.5660000e+02	
   3.9620000e+02	
   4.9760000e+02	
   4.7900000e+02	
   4.3480000e+02	
   5.1820000e+02	
   5.5220000e+02	
   4.9440000e+02	
   4.2020000e+02	
   4.2220000e+02	
   4.1620000e+02	
   4.9040000e+02	
   4.9120000e+02	
   5.5440000e+02	
   4.5520000e+02	
   3.8440000e+02	
   4.8320000e+02	
   4.9880000e+02	
   4.1920000e+02	
   4.6940000e+02	
   5.0340000e+02	
   4.6280000e+02	
   4.2840000e+02	
   4.1800000e+02	
